2 15 30 3 4 2024 17 20 3 5 2024 Task1 Text1
3 15 30 3 4 2024 17 20 3 5 2024 Task1 Text1
4 15 30 3 4 2024 17 20 3 5 2024 Task1 Text1
5 15 30 3 4 2024 17 20 3 5 2024 Task1 Text1
6 15 30 3 4 2024 17 20 3 5 2024 Task1 Text1
7 15 30 3 4 2024 17 20 3 5 2024 Task1 Text1
8 15 30 3 4 2024 17 20 3 5 2024 Task1 Text1
9 15 30 3 4 2024 17 20 3 5 2024 Task1 Text1
10 15 30 3 4 2024 17 20 3 5 2024 Task1 Text1
11 15 30 3 4 2024 17 20 3 5 2024 Task1 Text1
12 15 30 3 4 2024 17 20 3 5 2024 Task1 Text1
13 9 30 7 9 2022 17 19 3 2 2024 Task2 Text2
14 15 30 3 4 2024 17 20 3 5 2024 Task1 Text1
15 9 30 7 9 2022 17 19 3 2 2024 Task2 Text2
16 15 30 3 4 2024 17 20 3 5 2024 Task1 Text1
17 9 30 7 9 2022 17 19 3 2 2024 Task2 Text2
18 15 30 3 4 2024 17 20 3 5 2024 Task1 Text1
19 9 30 7 9 2022 17 19 3 2 2024 Task2 Text2
20 15 30 3 4 2024 17 20 3 5 2024 Task1 Text1
21 9 30 7 9 2022 17 19 3 2 2024 Task2 Text2
